340,13	199,00
340,51	203,00
340,89	204,00
341,27	203,00
341,65	208,00
342,03	203,00
342,40	205,00
342,78	206,00
343,16	208,00
343,54	207,00
343,92	207,00
344,30	201,00
344,67	209,00
345,05	214,00
345,43	206,00
345,81	206,00
346,19	209,00
346,56	209,00
346,94	205,00
347,32	211,00
347,70	208,00
348,08	208,00
348,45	209,00
348,83	205,00
349,21	205,00
349,59	208,00
349,96	208,00
350,34	207,00
350,72	208,00
351,10	210,00
351,48	213,00
351,85	209,00
352,23	206,00
352,61	207,00
352,98	209,00
353,36	210,00
353,74	213,00
354,12	213,00
354,49	210,00
354,87	213,00
355,25	209,00
355,63	206,00
356,00	215,00
356,38	208,00
356,76	215,00
357,13	213,00
357,51	212,00
357,89	209,00
358,26	208,00
358,64	209,00
359,02	206,00
359,40	210,00
359,77	212,00
360,15	207,00
360,53	211,00
360,90	205,00
361,28	212,00
361,65	209,00
362,03	212,00
362,41	210,00
362,78	209,00
363,16	207,00
363,54	210,00
363,91	210,00
364,29	211,00
364,67	209,00
365,04	213,00
365,42	215,00
365,79	209,00
366,17	211,00
366,55	211,00
366,92	210,00
367,30	211,00
367,67	212,00
368,05	207,00
368,43	211,00
368,80	209,00
369,18	215,00
369,55	213,00
369,93	210,00
370,31	210,00
370,68	213,00
371,06	214,00
371,43	210,00
371,81	213,00
372,18	209,00
372,56	210,00
372,93	210,00
373,31	206,00
373,68	208,00
374,06	210,00
374,44	211,00
374,81	212,00
375,19	212,00
375,56	213,00
375,94	210,00
376,31	216,00
376,69	213,00
377,06	212,00
377,44	210,00
377,81	210,00
378,19	209,00
378,56	210,00
378,94	211,00
379,31	211,00
379,68	212,00
380,06	216,00
380,43	212,00
380,81	210,00
381,18	211,00
381,56	210,00
381,93	206,00
382,31	209,00
382,68	214,00
383,06	212,00
383,43	209,00
383,80	216,00
384,18	210,00
384,55	209,00
384,93	211,00
385,30	211,00
385,68	212,00
386,05	211,00
386,42	205,00
386,80	213,00
387,17	209,00
387,55	215,00
387,92	209,00
388,29	217,00
388,67	206,00
389,04	213,00
389,42	212,00
389,79	212,00
390,16	211,00
390,54	211,00
390,91	208,00
391,28	213,00
391,66	211,00
392,03	212,00
392,40	209,00
392,78	214,00
393,15	212,00
393,52	209,00
393,90	218,00
394,27	211,00
394,64	213,00
395,02	216,00
395,39	211,00
395,76	211,00
396,14	211,00
396,51	216,00
396,88	211,00
397,26	214,00
397,63	213,00
398,00	206,00
398,37	213,00
398,75	212,00
399,12	215,00
399,49	211,00
399,86	210,00
400,24	210,00
400,61	212,00
400,98	217,00
401,36	215,00
401,73	210,00
402,10	209,00
402,47	214,00
402,85	213,00
403,22	210,00
403,59	214,00
403,96	211,00
404,33	210,00
404,71	206,00
405,08	212,00
405,45	213,00
405,82	211,00
406,19	212,00
406,57	210,00
406,94	212,00
407,31	214,00
407,68	213,00
408,05	208,00
408,43	212,00
408,80	212,00
409,17	210,00
409,54	212,00
409,91	212,00
410,28	212,00
410,66	211,00
411,03	208,00
411,40	213,00
411,77	208,00
412,14	212,00
412,51	213,00
412,88	213,00
413,26	211,00
413,63	214,00
414,00	210,00
414,37	214,00
414,74	208,00
415,11	214,00
415,48	210,00
415,85	216,00
416,23	212,00
416,60	213,00
416,97	213,00
417,34	209,00
417,71	211,00
418,08	213,00
418,45	212,00
418,82	213,00
419,19	211,00
419,56	210,00
419,93	212,00
420,30	214,00
420,67	212,00
421,04	208,00
421,42	213,00
421,79	208,00
422,16	211,00
422,53	211,00
422,90	211,00
423,27	213,00
423,64	211,00
424,01	215,00
424,38	213,00
424,75	212,00
425,12	215,00
425,49	210,00
425,86	213,00
426,23	218,00
426,60	212,00
426,97	219,00
427,34	215,00
427,71	212,00
428,08	213,00
428,45	211,00
428,82	211,00
429,19	212,00
429,56	211,00
429,92	218,00
430,29	210,00
430,66	210,00
431,03	216,00
431,40	215,00
431,77	211,00
432,14	213,00
432,51	213,00
432,88	212,00
433,25	214,00
433,62	211,00
433,99	210,00
434,36	210,00
434,73	214,00
435,09	216,00
435,46	210,00
435,83	213,00
436,20	212,00
436,57	213,00
436,94	212,00
437,31	205,00
437,68	212,00
438,05	212,00
438,41	214,00
438,78	214,00
439,15	214,00
439,52	212,00
439,89	215,00
440,26	215,00
440,62	208,00
440,99	214,00
441,36	215,00
441,73	213,00
442,10	210,00
442,47	209,00
442,83	217,00
443,20	211,00
443,57	210,00
443,94	215,00
444,31	208,00
444,67	212,00
445,04	213,00
445,41	210,00
445,78	210,00
446,15	214,00
446,51	211,00
446,88	211,00
447,25	213,00
447,62	212,00
447,98	208,00
448,35	208,00
448,72	210,00
449,09	208,00
449,46	213,00
449,82	214,00
450,19	212,00
450,56	218,00
450,92	212,00
451,29	211,00
451,66	212,00
452,03	212,00
452,39	213,00
452,76	219,00
453,13	212,00
453,49	215,00
453,86	211,00
454,23	212,00
454,60	206,00
454,96	215,00
455,33	212,00
455,70	214,00
456,06	217,00
456,43	215,00
456,80	214,00
457,16	213,00
457,53	211,00
457,90	214,00
458,26	210,00
458,63	210,00
459,00	214,00
459,36	219,00
459,73	217,00
460,09	213,00
460,46	212,00
460,83	207,00
461,19	214,00
461,56	213,00
461,93	212,00
462,29	215,00
462,66	216,00
463,02	212,00
463,39	218,00
463,76	212,00
464,12	208,00
464,49	210,00
464,85	214,00
465,22	212,00
465,58	211,00
465,95	211,00
466,32	207,00
466,68	212,00
467,05	212,00
467,41	214,00
467,78	210,00
468,14	207,00
468,51	210,00
468,87	216,00
469,24	210,00
469,60	215,00
469,97	210,00
470,33	215,00
470,70	211,00
471,06	213,00
471,43	212,00
471,79	215,00
472,16	211,00
472,52	211,00
472,89	211,00
473,25	215,00
473,62	208,00
473,98	215,00
474,35	217,00
474,71	214,00
475,08	215,00
475,44	210,00
475,81	212,00
476,17	212,00
476,54	214,00
476,90	212,00
477,27	214,00
477,63	210,00
477,99	209,00
478,36	213,00
478,72	213,00
479,09	214,00
479,45	210,00
479,82	217,00
480,18	212,00
480,54	211,00
480,91	215,00
481,27	215,00
481,64	218,00
482,00	209,00
482,36	213,00
482,73	214,00
483,09	210,00
483,45	212,00
483,82	213,00
484,18	213,00
484,55	214,00
484,91	209,00
485,27	220,00
485,64	209,00
486,00	215,00
486,36	211,00
486,73	212,00
487,09	216,00
487,45	215,00
487,82	208,00
488,18	214,00
488,54	213,00
488,91	213,00
489,27	216,00
489,63	214,00
489,99	212,00
490,36	217,00
490,72	212,00
491,08	216,00
491,45	214,00
491,81	215,00
492,17	215,00
492,53	214,00
492,90	215,00
493,26	217,00
493,62	215,00
493,98	217,00
494,35	214,00
494,71	213,00
495,07	215,00
495,43	215,00
495,80	211,00
496,16	221,00
496,52	218,00
496,88	222,00
497,25	213,00
497,61	216,00
497,97	215,00
498,33	213,00
498,69	212,00
499,06	214,00
499,42	214,00
499,78	216,00
500,14	216,00
500,50	213,00
500,86	218,00
501,23	225,00
501,59	218,00
501,95	216,00
502,31	217,00
502,67	216,00
503,03	222,00
503,40	213,00
503,76	225,00
504,12	226,00
504,48	225,00
504,84	219,00
505,20	221,00
505,56	228,00
505,93	222,00
506,29	225,00
506,65	231,00
507,01	231,00
507,37	234,00
507,73	241,00
508,09	238,00
508,45	240,00
508,81	247,00
509,17	254,00
509,53	250,00
509,90	253,00
510,26	263,00
510,62	272,00
510,98	278,00
511,34	280,00
511,70	292,00
512,06	298,00
512,42	307,00
512,78	322,00
513,14	333,00
513,50	350,00
513,86	360,00
514,22	373,00
514,58	394,00
514,94	406,00
515,30	432,00
515,66	452,00
516,02	465,00
516,38	495,00
516,74	517,00
517,10	535,00
517,46	563,00
517,82	606,00
518,18	629,00
518,54	661,00
518,90	698,00
519,26	718,00
519,62	736,00
519,98	767,00
520,34	792,00
520,70	831,00
521,06	870,00
521,42	902,00
521,78	921,00
522,14	955,00
522,49	975,00
522,85	1021,00
523,21	1038,00
523,57	1055,00
523,93	1089,00
524,29	1115,00
524,65	1131,00
525,01	1168,00
525,37	1173,00
525,73	1203,00
526,08	1221,00
526,44	1232,00
526,80	1242,00
527,16	1262,00
527,52	1268,00
527,88	1272,00
528,24	1272,00
528,60	1258,00
528,95	1267,00
529,31	1262,00
529,67	1283,00
530,03	1280,00
530,39	1277,00
530,75	1271,00
531,10	1247,00
531,46	1241,00
531,82	1214,00
532,18	1216,00
532,54	1188,00
532,89	1181,00
533,25	1161,00
533,61	1163,00
533,97	1151,00
534,33	1151,00
534,68	1159,00
535,04	1134,00
535,40	1116,00
535,76	1123,00
536,12	1120,00
536,47	1126,00
536,83	1118,00
537,19	1146,00
537,55	1144,00
537,90	1137,00
538,26	1177,00
538,62	1198,00
538,98	1207,00
539,33	1275,00
539,69	1304,00
540,05	1344,00
540,40	1376,00
540,76	1413,00
541,12	1483,00
541,48	1482,00
541,83	1539,00
542,19	1609,00
542,55	1640,00
542,90	1689,00
543,26	1750,00
543,62	1815,00
543,97	1852,00
544,33	1909,00
544,69	1975,00
545,04	2022,00
545,40	2065,00
545,76	2093,00
546,11	2137,00
546,47	2149,00
546,83	2176,00
547,18	2247,00
547,54	2265,00
547,89	2338,00
548,25	2353,00
548,61	2423,00
548,96	2469,00
549,32	2458,00
549,68	2487,00
550,03	2508,00
550,39	2531,00
550,74	2558,00
551,10	2572,00
551,45	2565,00
551,81	2561,00
552,17	2633,00
552,52	2619,00
552,88	2647,00
553,23	2699,00
553,59	2655,00
553,94	2686,00
554,30	2646,00
554,66	2642,00
555,01	2665,00
555,37	2611,00
555,72	2616,00
556,08	2641,00
556,43	2622,00
556,79	2665,00
557,14	2631,00
557,50	2658,00
557,85	2644,00
558,21	2669,00
558,56	2685,00
558,92	2685,00
559,27	2690,00
559,63	2689,00
559,98	2653,00
560,34	2656,00
560,69	2682,00
561,05	2664,00
561,40	2665,00
561,76	2678,00
562,11	2638,00
562,46	2641,00
562,82	2670,00
563,17	2654,00
563,53	2684,00
563,88	2674,00
564,24	2697,00
564,59	2687,00
564,95	2729,00
565,30	2731,00
565,65	2747,00
566,01	2746,00
566,36	2753,00
566,72	2779,00
567,07	2797,00
567,42	2803,00
567,78	2801,00
568,13	2844,00
568,48	2824,00
568,84	2831,00
569,19	2849,00
569,55	2838,00
569,90	2856,00
570,25	2866,00
570,61	2871,00
570,96	2862,00
571,31	2870,00
571,67	2881,00
572,02	2903,00
572,37	2916,00
572,73	2936,00
573,08	2921,00
573,43	2970,00
573,79	2997,00
574,14	3047,00
574,49	3086,00
574,85	3107,00
575,20	3082,00
575,55	3080,00
575,90	3100,00
576,26	3133,00
576,61	3175,00
576,96	3175,00
577,31	3156,00
577,67	3174,00
578,02	3144,00
578,37	3172,00
578,73	3186,00
579,08	3152,00
579,43	3111,00
579,78	3103,00
580,13	3093,00
580,49	3102,00
580,84	3125,00
581,19	3118,00
581,54	3148,00
581,90	3172,00
582,25	3150,00
582,60	3213,00
582,95	3205,00
583,30	3231,00
583,66	3283,00
584,01	3255,00
584,36	3277,00
584,71	3270,00
585,06	3286,00
585,41	3256,00
585,77	3267,00
586,12	3254,00
586,47	3229,00
586,82	3214,00
587,17	3246,00
587,52	3215,00
587,88	3173,00
588,23	3210,00
588,58	3173,00
588,93	3160,00
589,28	3118,00
589,63	3134,00
589,98	3130,00
590,33	3138,00
590,68	3145,00
591,04	3117,00
591,39	3146,00
591,74	3111,00
592,09	3084,00
592,44	3102,00
592,79	3070,00
593,14	3054,00
593,49	3046,00
593,84	3050,00
594,19	3037,00
594,54	3008,00
594,89	2999,00
595,24	3000,00
595,59	3010,00
595,94	2996,00
596,30	3006,00
596,65	2957,00
597,00	2938,00
597,35	2890,00
597,70	2889,00
598,05	2878,00
598,40	2869,00
598,75	2818,00
599,10	2806,00
599,45	2764,00
599,80	2744,00
600,15	2697,00
600,50	2652,00
600,85	2631,00
601,20	2593,00
601,54	2573,00
601,89	2517,00
602,24	2496,00
602,59	2433,00
602,94	2401,00
603,29	2371,00
603,64	2345,00
603,99	2322,00
604,34	2273,00
604,69	2230,00
605,04	2218,00
605,39	2187,00
605,74	2161,00
606,09	2108,00
606,44	2120,00
606,78	2046,00
607,13	2016,00
607,48	2014,00
607,83	1980,00
608,18	1962,00
608,53	1936,00
608,88	1942,00
609,23	1904,00
609,57	1865,00
609,92	1876,00
610,27	1861,00
610,62	1860,00
610,97	1839,00
611,32	1797,00
611,67	1847,00
612,01	1823,00
612,36	1825,00
612,71	1794,00
613,06	1811,00
613,41	1763,00
613,75	1805,00
614,10	1763,00
614,45	1794,00
614,80	1797,00
615,15	1774,00
615,49	1803,00
615,84	1773,00
616,19	1792,00
616,54	1804,00
616,89	1796,00
617,23	1800,00
617,58	1829,00
617,93	1807,00
618,28	1814,00
618,62	1807,00
618,97	1819,00
619,32	1847,00
619,67	1864,00
620,01	1850,00
620,36	1880,00
620,71	1865,00
621,05	1879,00
621,40	1905,00
621,75	1897,00
622,10	1898,00
622,44	1937,00
622,79	1954,00
623,14	1940,00
623,48	1959,00
623,83	1971,00
624,18	1982,00
624,52	1983,00
624,87	1972,00
625,22	1969,00
625,56	1985,00
625,91	2023,00
626,26	2010,00
626,60	2011,00
626,95	1984,00
627,30	2035,00
627,64	2025,00
627,99	2045,00
628,33	2000,00
628,68	2009,00
629,03	1996,00
629,37	1996,00
629,72	1964,00
630,07	1980,00
630,41	1982,00
630,76	1985,00
631,10	1961,00
631,45	1952,00
631,79	1940,00
632,14	1937,00
632,49	1915,00
632,83	1885,00
633,18	1891,00
633,52	1878,00
633,87	1887,00
634,21	1845,00
634,56	1835,00
634,90	1826,00
635,25	1809,00
635,60	1775,00
635,94	1771,00
636,29	1753,00
636,63	1735,00
636,98	1720,00
637,32	1709,00
637,67	1694,00
638,01	1662,00
638,36	1627,00
638,70	1609,00
639,05	1600,00
639,39	1591,00
639,73	1585,00
640,08	1549,00
640,42	1564,00
640,77	1541,00
641,11	1519,00
641,46	1469,00
641,80	1461,00
642,15	1449,00
642,49	1446,00
642,84	1405,00
643,18	1393,00
643,52	1397,00
643,87	1374,00
644,21	1358,00
644,56	1347,00
644,90	1301,00
645,24	1308,00
645,59	1304,00
645,93	1273,00
646,28	1246,00
646,62	1237,00
646,96	1209,00
647,31	1190,00
647,65	1142,00
647,99	1143,00
648,34	1094,00
648,68	1085,00
649,03	1046,00
649,37	1024,00
649,71	1004,00
650,06	966,00
650,40	939,00
650,74	916,00
651,09	877,00
651,43	860,00
651,77	834,00
652,11	795,00
652,46	772,00
652,80	758,00
653,14	723,00
653,49	703,00
653,83	671,00
654,17	653,00
654,52	620,00
654,86	593,00
655,20	580,00
655,54	554,00
655,89	520,00
656,23	512,00
656,57	487,00
656,91	473,00
657,26	456,00
657,60	430,00
657,94	414,00
658,28	401,00
658,62	387,00
658,97	362,00
659,31	346,00
659,65	334,00
659,99	328,00
660,33	314,00
660,68	300,00
661,02	297,00
661,36	282,00
661,70	282,00
662,04	279,00
662,39	266,00
662,73	258,00
663,07	254,00
663,41	249,00
663,75	254,00
664,09	246,00
664,44	242,00
664,78	233,00
665,12	235,00
665,46	224,00
665,80	224,00
666,14	230,00
666,48	221,00
666,82	219,00
667,16	220,00
667,51	219,00
667,85	220,00
668,19	219,00
668,53	221,00
668,87	220,00
669,21	214,00
669,55	216,00
669,89	223,00
670,23	215,00
670,57	219,00
670,91	215,00
671,25	219,00
671,59	216,00
671,93	216,00
672,28	216,00
672,62	218,00
672,96	215,00
673,30	221,00
673,64	215,00
673,98	217,00
674,32	220,00
674,66	217,00
675,00	219,00
675,34	219,00
675,68	223,00
676,02	218,00
676,36	223,00
676,70	225,00
677,04	223,00
677,38	224,00
677,71	228,00
678,05	226,00
678,39	226,00
678,73	239,00
679,07	239,00
679,41	240,00
679,75	246,00
680,09	244,00
680,43	256,00
680,77	263,00
681,11	271,00
681,45	275,00
681,79	285,00
682,13	293,00
682,46	304,00
682,80	317,00
683,14	323,00
683,48	335,00
683,82	344,00
684,16	364,00
684,50	368,00
684,84	385,00
685,17	391,00
685,51	410,00
685,85	421,00
686,19	427,00
686,53	439,00
686,87	456,00
687,21	464,00
687,54	475,00
687,88	488,00
688,22	493,00
688,56	501,00
688,90	505,00
689,23	511,00
689,57	520,00
689,91	515,00
690,25	536,00
690,59	527,00
690,92	542,00
691,26	524,00
691,60	532,00
691,94	548,00
692,27	546,00
692,61	535,00
692,95	537,00
693,29	544,00
693,62	556,00
693,96	540,00
694,30	535,00
694,64	538,00
694,97	532,00
695,31	527,00
695,65	534,00
695,98	534,00
696,32	524,00
696,66	522,00
697,00	525,00
697,33	525,00
697,67	522,00
698,01	510,00
698,34	510,00
698,68	505,00
699,02	498,00
699,35	499,00
699,69	495,00
700,03	505,00
700,36	488,00
700,70	487,00
701,04	487,00
701,37	485,00
701,71	478,00
702,04	475,00
702,38	468,00
702,72	476,00
703,05	474,00
703,39	481,00
703,72	466,00
704,06	461,00
704,40	472,00
704,73	457,00
705,07	466,00
705,40	459,00
705,74	467,00
706,08	465,00
706,41	450,00
706,75	448,00
707,08	450,00
707,42	447,00
707,75	446,00
708,09	448,00
708,42	453,00
708,76	440,00
709,09	445,00
709,43	445,00
709,76	437,00
710,10	437,00
710,43	439,00
710,77	434,00
711,10	427,00
711,44	427,00
711,77	430,00
712,11	426,00
712,44	417,00
712,78	425,00
713,11	422,00
713,45	418,00
713,78	417,00
714,12	411,00
714,45	422,00
714,79	415,00
715,12	418,00
715,45	402,00
715,79	414,00
716,12	410,00
716,46	398,00
716,79	401,00
717,13	403,00
717,46	401,00
717,79	396,00
718,13	398,00
718,46	391,00
718,80	384,00
719,13	386,00
719,46	390,00
719,80	384,00
720,13	376,00
720,46	377,00
720,80	378,00
721,13	381,00
721,46	372,00
721,80	371,00
722,13	372,00
722,46	376,00
722,80	365,00
723,13	361,00
723,46	370,00
723,80	368,00
724,13	354,00
724,46	347,00
724,80	353,00
725,13	359,00
725,46	351,00
725,79	353,00
726,13	352,00
726,46	352,00
726,79	345,00
727,13	345,00
727,46	337,00
727,79	336,00
728,12	340,00
728,46	332,00
728,79	335,00
729,12	340,00
729,45	340,00
729,79	327,00
730,12	322,00
730,45	328,00
730,78	326,00
731,11	325,00
731,45	332,00
731,78	324,00
732,11	318,00
732,44	321,00
732,77	322,00
733,11	325,00
733,44	315,00
733,77	317,00
734,10	314,00
734,43	310,00
734,76	314,00
735,09	308,00
735,43	311,00
735,76	316,00
736,09	315,00
736,42	304,00
736,75	306,00
737,08	308,00
737,41	301,00
737,75	306,00
738,08	302,00
738,41	303,00
738,74	298,00
739,07	301,00
739,40	296,00
739,73	304,00
740,06	304,00
740,39	296,00
740,72	290,00
741,05	295,00
741,38	290,00
741,71	285,00
742,04	295,00
742,38	293,00
742,71	294,00
743,04	285,00
743,37	284,00
743,70	285,00
744,03	285,00
744,36	281,00
744,69	289,00
745,02	283,00
745,35	283,00
745,68	279,00
746,01	275,00
746,34	274,00
746,67	278,00
747,00	277,00
747,33	276,00
747,66	276,00
747,99	277,00
748,31	277,00
748,64	268,00
748,97	268,00
749,30	271,00
749,63	268,00
749,96	268,00
750,29	268,00
750,62	269,00
750,95	261,00
751,28	266,00
751,61	264,00
751,94	264,00
752,27	268,00
752,59	264,00
752,92	262,00
753,25	264,00
753,58	269,00
753,91	259,00
754,24	259,00
754,57	254,00
754,90	263,00
755,22	262,00
755,55	260,00
755,88	260,00
756,21	255,00
756,54	258,00
756,87	256,00
757,19	253,00
757,52	254,00
757,85	255,00
758,18	249,00
758,51	253,00
758,83	254,00
759,16	249,00
759,49	252,00
759,82	254,00
760,15	252,00
760,47	248,00
760,80	252,00
761,13	245,00
761,46	249,00
761,78	250,00
762,11	249,00
762,44	245,00
762,77	249,00
763,09	247,00
763,42	246,00
763,75	252,00
764,07	242,00
764,40	245,00
764,73	247,00
765,06	246,00
765,38	241,00
765,71	240,00
766,04	246,00
766,36	244,00
766,69	247,00
767,02	244,00
767,34	244,00
767,67	241,00
768,00	243,00
768,32	238,00
768,65	236,00
768,98	238,00
769,30	237,00
769,63	241,00
769,96	242,00
770,28	238,00
770,61	237,00
770,93	242,00
771,26	240,00
771,59	232,00
771,91	240,00
772,24	235,00
772,56	235,00
772,89	241,00
773,22	242,00
773,54	236,00
773,87	236,00
774,19	236,00
774,52	234,00
774,84	231,00
775,17	232,00
775,50	236,00
775,82	234,00
776,15	229,00
776,47	234,00
776,80	232,00
777,12	231,00
777,45	236,00
777,77	232,00
778,10	230,00
778,42	232,00
778,75	233,00
779,07	237,00
779,40	227,00
779,72	230,00
780,05	227,00
780,37	234,00
780,70	225,00
781,02	227,00
781,34	233,00
781,67	229,00
781,99	225,00
782,32	230,00
782,64	224,00
782,97	226,00
783,29	230,00
783,62	232,00
783,94	232,00
784,26	231,00
784,59	226,00
784,91	225,00
785,24	224,00
785,56	228,00
785,88	219,00
786,21	224,00
786,53	225,00
786,85	228,00
787,18	220,00
787,50	223,00
787,83	225,00
788,15	224,00
788,47	225,00
788,80	230,00
789,12	224,00
789,44	227,00
789,77	221,00
790,09	219,00
790,41	220,00
790,74	228,00
791,06	223,00
791,38	223,00
791,70	218,00
792,03	223,00
792,35	219,00
792,67	223,00
793,00	226,00
793,32	220,00
793,64	224,00
793,96	226,00
794,29	222,00
794,61	223,00
794,93	219,00
795,25	221,00
795,58	220,00
795,90	225,00
796,22	217,00
796,54	218,00
796,86	218,00
797,19	220,00
797,51	219,00
797,83	218,00
798,15	222,00
798,47	223,00
798,80	223,00
799,12	221,00
799,44	219,00
799,76	217,00
800,08	223,00
800,40	220,00
800,73	220,00
801,05	223,00
801,37	220,00
801,69	217,00
802,01	218,00
802,33	218,00
802,65	219,00
802,98	217,00
803,30	219,00
803,62	222,00
803,94	220,00
804,26	219,00
804,58	217,00
804,90	220,00
805,22	219,00
805,54	214,00
805,86	217,00
806,18	217,00
806,51	223,00
806,83	218,00
807,15	217,00
807,47	214,00
807,79	217,00
808,11	218,00
808,43	219,00
808,75	225,00
809,07	218,00
809,39	216,00
809,71	217,00
810,03	218,00
810,35	218,00
810,67	215,00
810,99	219,00
811,31	219,00
811,63	219,00
811,95	214,00
812,27	219,00
812,59	219,00
812,91	216,00
813,23	214,00
813,55	216,00
813,87	215,00
814,18	215,00
814,50	217,00
814,82	214,00
815,14	216,00
815,46	214,00
815,78	217,00
816,10	218,00
816,42	216,00
816,74	212,00
817,06	212,00
817,38	211,00
817,69	213,00
818,01	220,00
818,33	212,00
818,65	215,00
818,97	217,00
819,29	214,00
819,61	212,00
819,93	217,00
820,24	218,00
820,56	214,00
820,88	218,00
821,20	217,00
821,52	218,00
821,83	220,00
822,15	210,00
822,47	212,00
822,79	214,00
823,11	218,00
823,43	213,00
823,74	214,00
824,06	212,00
824,38	213,00
824,70	210,00
825,01	213,00
825,33	211,00
825,65	213,00
825,97	213,00
826,28	213,00
826,60	215,00
826,92	209,00
827,24	216,00
827,55	212,00
827,87	215,00
828,19	215,00
828,50	213,00
828,82	207,00
829,14	213,00
829,46	211,00
829,77	211,00
830,09	214,00
830,41	209,00
830,72	214,00
831,04	214,00
831,36	214,00
831,67	213,00
831,99	214,00
832,31	212,00
832,62	211,00
832,94	215,00
833,25	216,00
833,57	217,00
833,89	212,00
834,20	218,00
834,52	212,00
834,84	210,00
835,15	212,00
835,47	212,00
835,78	213,00
836,10	209,00
836,42	206,00
836,73	211,00
837,05	214,00
837,36	214,00
837,68	211,00
837,99	213,00
838,31	212,00
838,62	214,00
838,94	215,00
839,26	207,00
839,57	212,00
839,89	217,00
840,20	214,00
840,52	211,00
840,83	213,00
841,15	211,00
841,46	210,00
841,78	210,00
842,09	211,00
842,41	212,00
842,72	210,00
843,04	210,00
843,35	216,00
843,66	213,00
843,98	209,00
844,29	212,00
844,61	215,00
844,92	212,00
845,24	212,00
845,55	216,00
845,87	209,00
846,18	215,00
846,49	212,00
846,81	209,00
847,12	211,00
847,44	206,00
847,75	210,00
848,06	212,00
848,38	210,00
848,69	209,00
849,00	206,00
849,32	208,00
849,63	212,00
849,95	208,00
850,26	216,00
850,57	215,00
850,89	215,00
851,20	209,00
851,51	206,00
851,83	212,00
852,14	215,00
852,45	212,00
852,77	212,00
853,08	213,00
853,39	213,00
853,70	215,00
854,02	210,00
854,33	210,00
854,64	212,00
854,96	210,00
855,27	207,00
855,58	212,00
855,89	208,00
856,21	216,00
856,52	206,00
856,83	209,00
857,14	211,00
857,46	212,00
857,77	214,00
858,08	210,00
858,39	214,00
858,70	210,00
859,02	210,00
859,33	211,00
859,64	212,00
859,95	211,00
860,26	212,00
860,58	215,00
860,89	210,00
861,20	212,00
861,51	206,00
861,82	213,00
862,13	211,00
862,45	210,00
862,76	208,00
863,07	213,00
863,38	212,00
863,69	208,00
864,00	210,00
864,31	207,00
864,62	208,00
864,93	215,00
865,25	211,00
865,56	210,00
865,87	216,00
866,18	210,00
866,49	209,00
866,80	209,00
867,11	210,00
867,42	208,00
867,73	209,00
868,04	212,00
868,35	211,00
868,66	209,00
868,97	211,00
869,28	208,00
869,59	213,00
869,90	212,00
870,21	209,00
870,52	206,00
870,83	214,00
871,14	211,00
871,45	208,00
871,76	211,00
872,07	211,00
872,38	205,00
872,69	208,00
873,00	210,00
873,31	211,00
873,62	210,00
873,93	214,00
874,24	207,00
874,55	212,00
874,86	212,00
875,17	204,00
875,48	207,00
875,79	210,00
876,10	211,00
876,41	210,00
876,72	206,00
877,02	213,00
877,33	209,00
877,64	209,00
877,95	210,00
878,26	213,00
878,57	209,00
878,88	212,00
879,19	207,00
879,49	212,00
879,80	211,00
880,11	210,00
880,42	214,00
880,73	211,00
881,04	206,00
881,34	208,00
881,65	208,00
881,96	208,00
882,27	210,00
882,58	206,00
882,88	204,00
883,19	208,00
883,50	214,00
883,81	208,00
884,12	207,00
884,42	208,00
884,73	210,00
885,04	207,00
885,35	210,00
885,65	210,00
885,96	206,00
886,27	213,00
886,58	206,00
886,88	214,00
887,19	211,00
887,50	210,00
887,80	208,00
888,11	213,00
888,42	212,00
888,73	210,00
889,03	207,00
889,34	207,00
889,65	211,00
889,95	212,00
890,26	204,00
890,57	209,00
890,87	212,00
891,18	209,00
891,49	207,00
891,79	213,00
892,10	208,00
892,41	209,00
892,71	211,00
893,02	210,00
893,32	210,00
893,63	211,00
893,94	212,00
894,24	211,00
894,55	213,00
894,85	207,00
895,16	210,00
895,47	212,00
895,77	211,00
896,08	210,00
896,38	210,00
896,69	209,00
896,99	209,00
897,30	208,00
897,60	205,00
897,91	208,00
898,21	206,00
898,52	206,00
898,83	210,00
899,13	208,00
899,44	213,00
899,74	208,00
900,05	207,00
900,35	207,00
900,65	214,00
900,96	210,00
901,26	211,00
901,57	208,00
901,87	207,00
902,18	212,00
902,48	206,00
902,79	211,00
903,09	211,00
903,40	213,00
903,70	211,00
904,00	212,00
904,31	208,00
904,61	204,00
904,92	213,00
905,22	208,00
905,53	208,00
905,83	209,00
906,13	207,00
906,44	209,00
906,74	212,00
907,04	213,00
907,35	212,00
907,65	211,00
907,96	209,00
908,26	209,00
908,56	209,00
908,87	212,00
909,17	206,00
909,47	209,00
909,78	204,00
910,08	211,00
910,38	208,00
910,68	208,00
910,99	210,00
911,29	208,00
911,59	206,00
911,90	205,00
912,20	208,00
912,50	206,00
912,80	210,00
913,11	209,00
913,41	212,00
913,71	207,00
914,01	203,00
914,32	207,00
914,62	212,00
914,92	206,00
915,22	211,00
915,53	210,00
915,83	210,00
916,13	210,00
916,43	212,00
916,73	209,00
917,04	211,00
917,34	206,00
917,64	211,00
917,94	209,00
918,24	212,00
918,55	209,00
918,85	213,00
919,15	211,00
919,45	210,00
919,75	212,00
920,05	213,00
920,35	210,00
920,66	208,00
920,96	208,00
921,26	211,00
921,56	204,00
921,86	211,00
922,16	209,00
922,46	207,00
922,76	212,00
923,06	210,00
923,36	210,00
923,66	209,00
923,97	212,00
924,27	209,00
924,57	209,00
924,87	208,00
925,17	214,00
925,47	209,00
925,77	209,00
926,07	206,00
926,37	212,00
926,67	211,00
926,97	207,00
927,27	211,00
927,57	212,00
927,87	208,00
928,17	210,00
928,47	212,00
928,77	211,00
929,07	207,00
929,37	206,00
929,67	207,00
929,97	203,00
930,27	207,00
930,57	213,00
930,87	208,00
931,16	206,00
931,46	207,00
931,76	208,00
932,06	211,00
932,36	208,00
932,66	208,00
932,96	210,00
933,26	211,00
933,56	212,00
933,86	206,00
934,16	208,00
934,45	212,00
934,75	210,00
935,05	208,00
935,35	210,00
935,65	208,00
935,95	212,00
936,24	208,00
936,54	206,00
936,84	214,00
937,14	212,00
937,44	208,00
937,74	208,00
938,03	206,00
938,33	208,00
938,63	210,00
938,93	211,00
939,23	210,00
939,52	208,00
939,82	211,00
940,12	207,00
940,42	208,00
940,71	211,00
941,01	216,00
941,31	211,00
941,61	208,00
941,90	216,00
942,20	209,00
942,50	211,00
942,80	209,00
943,09	215,00
943,39	211,00
943,69	212,00
943,98	210,00
944,28	208,00
944,58	212,00
944,87	216,00
945,17	205,00
945,47	211,00
945,76	212,00
946,06	209,00
946,36	211,00
946,65	207,00
946,95	210,00
947,25	208,00
947,54	208,00
947,84	207,00
948,14	214,00
948,43	212,00
948,73	213,00
949,02	215,00
949,32	210,00
949,62	209,00
949,91	215,00
950,21	210,00
950,50	211,00
950,80	210,00
951,09	207,00
951,39	211,00
951,69	209,00
951,98	208,00
952,28	208,00
952,57	210,00
952,87	210,00
953,16	208,00
953,46	210,00
953,75	211,00
954,05	211,00
954,34	210,00
954,64	207,00
954,93	208,00
955,23	208,00
955,52	209,00
955,82	207,00
956,11	210,00
956,41	206,00
956,70	206,00
957,00	210,00
957,29	211,00
957,58	214,00
957,88	207,00
958,17	212,00
958,47	207,00
958,76	207,00
959,06	209,00
959,35	210,00
959,64	206,00
959,94	208,00
960,23	210,00
960,52	210,00
960,82	205,00
961,11	214,00
961,41	208,00
961,70	206,00
961,99	211,00
962,29	205,00
962,58	207,00
962,87	211,00
963,17	208,00
963,46	212,00
963,75	208,00
964,05	205,00
964,34	212,00
964,63	207,00
964,93	213,00
965,22	210,00
965,51	209,00
965,80	207,00
966,10	208,00
966,39	211,00
966,68	210,00
966,97	211,00
967,27	211,00
967,56	204,00
967,85	211,00
968,14	206,00
968,44	205,00
968,73	207,00
969,02	205,00
969,31	210,00
969,61	211,00
969,90	207,00
970,19	208,00
970,48	210,00
970,77	208,00
971,07	211,00
971,36	208,00
971,65	211,00
971,94	205,00
972,23	211,00
972,52	208,00
972,81	204,00
973,11	207,00
973,40	209,00
973,69	208,00
973,98	209,00
974,27	210,00
974,56	208,00
974,85	209,00
975,14	208,00
975,44	211,00
975,73	208,00
976,02	208,00
976,31	208,00
976,60	208,00
976,89	211,00
977,18	208,00
977,47	210,00
977,76	206,00
978,05	214,00
978,34	209,00
978,63	210,00
978,92	207,00
979,21	214,00
979,50	208,00
979,79	203,00
980,08	207,00
980,37	206,00
980,66	206,00
980,95	208,00
981,24	209,00
981,53	210,00
981,82	209,00
982,11	207,00
982,40	203,00
982,69	208,00
982,98	211,00
983,27	208,00
983,56	210,00
983,85	210,00
984,14	210,00
984,43	207,00
984,72	208,00
985,01	206,00
985,29	210,00
985,58	207,00
985,87	206,00
986,16	209,00
986,45	209,00
986,74	207,00
987,03	215,00
987,32	206,00
987,60	207,00
987,89	211,00
988,18	205,00
988,47	209,00
988,76	213,00
989,05	214,00
989,33	209,00
989,62	210,00
989,91	213,00
990,20	205,00
990,49	207,00
990,77	210,00
991,06	208,00
991,35	208,00
991,64	207,00
991,93	208,00
992,21	209,00
992,50	210,00
992,79	209,00
993,08	202,00
993,36	208,00
993,65	210,00
993,94	212,00
994,23	207,00
994,51	208,00
994,80	208,00
995,09	213,00
995,37	208,00
995,66	211,00
995,95	208,00
996,23	212,00
996,52	210,00
996,81	208,00
997,09	208,00
997,38	209,00
997,67	211,00
997,95	210,00
998,24	208,00
998,53	204,00
998,81	209,00
999,10	208,00
999,39	210,00
999,67	213,00
999,96	210,00
1000,24	212,00
1000,53	205,00
1000,82	205,00
1001,10	209,00
1001,39	209,00
1001,67	206,00
1001,96	207,00
1002,25	210,00
1002,53	204,00
1002,82	209,00
1003,10	206,00
1003,39	209,00
1003,67	210,00
1003,96	207,00
1004,24	205,00
1004,53	209,00
1004,81	208,00
1005,10	210,00
1005,38	212,00
1005,67	209,00
1005,95	209,00
1006,24	210,00
1006,52	206,00
1006,81	210,00
1007,09	208,00
1007,38	208,00
1007,66	210,00
1007,95	206,00
1008,23	212,00
1008,51	209,00
1008,80	211,00
1009,08	211,00
1009,37	212,00
1009,65	213,00
1009,94	209,00
1010,22	207,00
1010,50	210,00
1010,79	208,00
1011,07	208,00
1011,36	204,00
1011,64	207,00
1011,92	208,00
1012,21	204,00
1012,49	207,00
1012,77	212,00
1013,06	211,00
1013,34	209,00
1013,62	212,00
1013,91	210,00
1014,19	204,00
1014,47	208,00
1014,76	205,00
1015,04	207,00
1015,32	209,00
1015,60	210,00
1015,89	205,00
1016,17	211,00
1016,45	209,00
1016,74	207,00
1017,02	208,00
1017,30	208,00
1017,58	206,00
1017,87	206,00
1018,15	209,00
1018,43	207,00
1018,71	208,00
1019,00	211,00
1019,28	209,00
1019,56	211,00
1019,84	207,00
1020,12	208,00
1020,41	207,00
1020,69	207,00
1020,97	208,00
1021,25	208,00
1021,53	211,00
1021,81	208,00
1022,10	202,00
1022,38	209,00
1022,66	209,00
1022,94	209,00
>>>>>End Processed Spectral Data<<<<<
