339,75	0,00
340,13	202,00
340,51	203,00
340,89	205,00
341,27	202,00
341,65	389,00
342,03	232,00
342,40	221,00
342,78	227,00
343,16	272,00
343,54	232,00
343,92	256,00
344,30	260,00
344,67	232,00
345,05	557,00
345,43	268,00
345,81	600,00
346,19	232,00
346,56	262,00
346,94	262,00
347,32	232,00
347,70	271,00
348,08	260,00
348,45	260,00
348,83	258,00
349,21	223,00
349,59	224,00
349,96	230,00
350,34	229,00
350,72	259,00
351,10	404,00
351,48	312,00
351,85	234,00
352,23	542,00
352,61	266,00
352,98	231,00
353,36	223,00
353,74	225,00
354,12	225,00
354,49	230,00
354,87	239,00
355,25	225,00
355,63	223,00
356,00	323,00
356,38	230,00
356,76	1982,00
357,13	273,00
357,51	286,00
357,89	238,00
358,26	280,00
358,64	223,00
359,02	220,00
359,40	261,00
359,77	255,00
360,15	227,00
360,53	221,00
360,90	227,00
361,28	286,00
361,65	429,00
362,03	229,00
362,41	282,00
362,78	227,00
363,16	227,00
363,54	247,00
363,91	280,00
364,29	224,00
364,67	224,00
365,04	216,00
365,42	223,00
365,79	217,00
366,17	220,00
366,55	260,00
366,92	265,00
367,30	268,00
367,67	221,00
368,05	222,00
368,43	226,00
368,80	228,00
369,18	434,00
369,55	230,00
369,93	276,00
370,31	291,00
370,68	227,00
371,06	260,00
371,43	261,00
371,81	233,00
372,18	261,00
372,56	229,00
372,93	221,00
373,31	240,00
373,68	221,00
374,06	223,00
374,44	231,00
374,81	220,00
375,19	256,00
375,56	222,00
375,94	221,00
376,31	266,00
376,69	257,00
377,06	256,00
377,44	232,00
377,81	305,00
378,19	298,00
378,56	224,00
378,94	215,00
379,31	228,00
379,68	252,00
380,06	218,00
380,43	222,00
380,81	217,00
381,18	225,00
381,56	220,00
381,93	219,00
382,31	416,00
382,68	337,00
383,06	263,00
383,43	483,00
383,80	230,00
384,18	217,00
384,55	429,00
384,93	222,00
385,30	257,00
385,68	275,00
386,05	222,00
386,42	233,00
386,80	218,00
387,17	226,00
387,55	217,00
387,92	358,00
388,29	229,00
388,67	249,00
389,04	226,00
389,42	260,00
389,79	221,00
390,16	225,00
390,54	282,00
390,91	225,00
391,28	223,00
391,66	218,00
392,03	235,00
392,40	293,00
392,78	223,00
393,15	224,00
393,52	232,00
393,90	225,00
394,27	220,00
394,64	614,00
395,02	236,00
395,39	270,00
395,76	483,00
396,14	233,00
396,51	257,00
396,88	248,00
397,26	218,00
397,63	291,00
398,00	228,00
398,37	255,00
398,75	221,00
399,12	265,00
399,49	250,00
399,86	226,00
400,24	220,00
400,61	222,00
400,98	219,00
401,36	223,00
401,73	223,00
402,10	219,00
402,47	245,00
402,85	260,00
403,22	261,00
403,59	292,00
403,96	262,00
404,33	261,00
404,71	226,00
405,08	225,00
405,45	221,00
405,82	248,00
406,19	719,00
406,57	242,00
406,94	412,00
407,31	483,00
407,68	263,00
408,05	258,00
408,43	292,00
408,80	233,00
409,17	221,00
409,54	224,00
409,91	223,00
410,28	219,00
410,66	297,00
411,03	221,00
411,40	219,00
411,77	221,00
412,14	252,00
412,51	230,00
412,88	283,00
413,26	232,00
413,63	221,00
414,00	219,00
414,37	219,00
414,74	220,00
415,11	217,00
415,48	242,00
415,85	753,00
416,23	235,00
416,60	220,00
416,97	242,00
417,34	287,00
417,71	221,00
418,08	225,00
418,45	226,00
418,82	286,00
419,19	224,00
419,56	373,00
419,93	282,00
420,30	911,00
420,67	239,00
421,04	221,00
421,42	223,00
421,79	220,00
422,16	223,00
422,53	229,00
422,90	239,00
423,27	296,00
423,64	233,00
424,01	224,00
424,38	221,00
424,75	223,00
425,12	227,00
425,49	249,00
425,86	258,00
426,23	255,00
426,60	413,00
426,97	384,00
427,34	243,00
427,71	292,00
428,08	297,00
428,45	231,00
428,82	264,00
429,19	498,00
429,56	240,00
429,92	237,00
430,29	225,00
430,66	231,00
431,03	229,00
431,40	317,00
431,77	280,00
432,14	268,00
432,51	238,00
432,88	228,00
433,25	234,00
433,62	261,00
433,99	275,00
434,36	275,00
434,73	412,00
435,09	544,00
435,46	247,00
435,83	306,00
436,20	247,00
436,57	243,00
436,94	382,00
437,31	249,00
437,68	284,00
438,05	282,00
438,41	299,00
438,78	256,00
439,15	247,00
439,52	255,00
439,89	257,00
440,26	294,00
440,62	259,00
440,99	296,00
441,36	268,00
441,73	264,00
442,10	297,00
442,47	311,00
442,83	307,00
443,20	265,00
443,57	269,00
443,94	288,00
444,31	271,00
444,67	298,00
445,04	274,00
445,41	280,00
445,78	277,00
446,15	271,00
446,51	275,00
446,88	306,00
447,25	284,00
447,62	489,00
447,98	283,00
448,35	278,00
448,72	702,00
449,09	289,00
449,46	270,00
449,82	765,00
450,19	285,00
450,56	281,00
450,92	309,00
451,29	302,00
451,66	273,00
452,03	271,00
452,39	268,00
452,76	272,00
453,13	269,00
453,49	270,00
453,86	290,00
454,23	262,00
454,60	258,00
454,96	255,00
455,33	262,00
455,70	266,00
456,06	320,00
456,43	264,00
456,80	324,00
457,16	260,00
457,53	259,00
457,90	282,00
458,26	255,00
458,63	252,00
459,00	257,00
459,36	419,00
459,73	290,00
460,09	250,00
460,46	274,00
460,83	252,00
461,19	251,00
461,56	286,00
461,93	294,00
462,29	286,00
462,66	320,00
463,02	288,00
463,39	252,00
463,76	248,00
464,12	255,00
464,49	241,00
464,85	287,00
465,22	510,00
465,58	256,00
465,95	285,00
466,32	284,00
466,68	292,00
467,05	466,00
467,41	252,00
467,78	252,00
468,14	246,00
468,51	252,00
468,87	251,00
469,24	286,00
469,60	277,00
469,97	243,00
470,33	242,00
470,70	608,00
471,06	280,00
471,43	256,00
471,79	248,00
472,16	288,00
472,52	249,00
472,89	397,00
473,25	257,00
473,62	271,00
473,98	245,00
474,35	242,00
474,71	283,00
475,08	309,00
475,44	241,00
475,81	243,00
476,17	246,00
476,54	240,00
476,90	240,00
477,27	249,00
477,63	384,00
477,99	252,00
478,36	322,00
478,72	247,00
479,09	277,00
479,45	258,00
479,82	245,00
480,18	284,00
480,54	257,00
480,91	247,00
481,27	312,00
481,64	355,00
482,00	241,00
482,36	284,00
482,73	244,00
483,09	310,00
483,45	256,00
483,82	264,00
484,18	257,00
484,55	317,00
484,91	253,00
485,27	246,00
485,64	276,00
486,00	251,00
486,36	248,00
486,73	285,00
487,09	250,00
487,45	287,00
487,82	249,00
488,18	255,00
488,54	613,00
488,91	261,00
489,27	259,00
489,63	282,00
489,99	247,00
490,36	282,00
490,72	243,00
491,08	251,00
491,45	250,00
491,81	248,00
492,17	281,00
492,53	248,00
492,90	254,00
493,26	248,00
493,62	248,00
493,98	250,00
494,35	276,00
494,71	261,00
495,07	283,00
495,43	292,00
495,80	288,00
496,16	250,00
496,52	257,00
496,88	250,00
497,25	250,00
497,61	248,00
497,97	250,00
498,33	248,00
498,69	254,00
499,06	252,00
499,42	250,00
499,78	281,00
500,14	293,00
500,50	267,00
500,86	297,00
501,23	289,00
501,59	260,00
501,95	254,00
502,31	459,00
502,67	295,00
503,03	257,00
503,40	289,00
503,76	298,00
504,12	255,00
504,48	255,00
504,84	256,00
505,20	256,00
505,56	286,00
505,93	252,00
506,29	260,00
506,65	467,00
507,01	267,00
507,37	257,00
507,73	259,00
508,09	304,00
508,45	271,00
508,81	261,00
509,17	279,00
509,53	352,00
509,90	263,00
510,26	261,00
510,62	265,00
510,98	258,00
511,34	263,00
511,70	268,00
512,06	335,00
512,42	267,00
512,78	266,00
513,14	264,00
513,50	298,00
513,86	274,00
514,22	264,00
514,58	260,00
514,94	270,00
515,30	304,00
515,66	269,00
516,02	295,00
516,38	271,00
516,74	302,00
517,10	314,00
517,46	642,00
517,82	279,00
518,18	578,00
518,54	352,00
518,90	279,00
519,26	291,00
519,62	348,00
519,98	308,00
520,34	273,00
520,70	270,00
521,06	302,00
521,42	276,00
521,78	304,00
522,14	313,00
522,49	341,00
522,85	291,00
523,21	279,00
523,57	343,00
523,93	284,00
524,29	303,00
524,65	284,00
525,01	280,00
525,37	275,00
525,73	348,00
526,08	277,00
526,44	314,00
526,80	281,00
527,16	273,00
527,52	274,00
527,88	797,00
528,24	463,00
528,60	337,00
528,95	315,00
529,31	289,00
529,67	278,00
530,03	352,00
530,39	354,00
530,75	297,00
531,10	290,00
531,46	278,00
531,82	280,00
532,18	313,00
532,54	328,00
532,89	281,00
533,25	284,00
533,61	430,00
533,97	282,00
534,33	277,00
534,68	285,00
535,04	305,00
535,40	277,00
535,76	310,00
536,12	320,00
536,47	289,00
536,83	316,00
537,19	357,00
537,55	282,00
537,90	313,00
538,26	277,00
538,62	277,00
538,98	323,00
539,33	322,00
539,69	322,00
540,05	282,00
540,40	289,00
540,76	296,00
541,12	280,00
541,48	329,00
541,83	285,00
542,19	423,00
542,55	296,00
542,90	294,00
543,26	329,00
543,62	326,00
543,97	363,00
544,33	299,00
544,69	292,00
545,04	302,00
545,40	332,00
545,76	300,00
546,11	537,00
546,47	299,00
546,83	332,00
547,18	310,00
547,54	299,00
547,89	300,00
548,25	339,00
548,61	331,00
548,96	365,00
549,32	364,00
549,68	303,00
550,03	306,00
550,39	304,00
550,74	321,00
551,10	346,00
551,45	341,00
551,81	374,00
552,17	339,00
552,52	305,00
552,88	304,00
553,23	501,00
553,59	369,00
553,94	309,00
554,30	437,00
554,66	311,00
555,01	342,00
555,37	307,00
555,72	380,00
556,08	311,00
556,43	311,00
556,79	312,00
557,14	314,00
557,50	312,00
557,85	380,00
558,21	311,00
558,56	315,00
558,92	352,00
559,27	324,00
559,63	379,00
559,98	315,00
560,34	314,00
560,69	304,00
561,05	309,00
561,40	320,00
561,76	349,00
562,11	380,00
562,46	320,00
562,82	382,00
563,17	405,00
563,53	344,00
563,88	354,00
564,24	343,00
564,59	346,00
564,95	348,00
565,30	358,00
565,65	354,00
566,01	314,00
566,36	311,00
566,72	395,00
567,07	313,00
567,42	315,00
567,78	306,00
568,13	377,00
568,48	321,00
568,84	326,00
569,19	334,00
569,55	391,00
569,90	354,00
570,25	316,00
570,61	365,00
570,96	315,00
571,31	352,00
571,67	352,00
572,02	371,00
572,37	326,00
572,73	318,00
573,08	312,00
573,43	318,00
573,79	312,00
574,14	322,00
574,49	501,00
574,85	325,00
575,20	336,00
575,55	352,00
575,90	348,00
576,26	326,00
576,61	316,00
576,96	386,00
577,31	326,00
577,67	326,00
578,02	471,00
578,37	326,00
578,73	371,00
579,08	320,00
579,43	319,00
579,78	356,00
580,13	362,00
580,49	354,00
580,84	328,00
581,19	323,00
581,54	349,00
581,90	320,00
582,25	378,00
582,60	326,00
582,95	334,00
583,30	334,00
583,66	324,00
584,01	665,00
584,36	358,00
584,71	365,00
585,06	327,00
585,41	313,00
585,77	364,00
586,12	365,00
586,47	327,00
586,82	328,00
587,17	512,00
587,52	350,00
587,88	318,00
588,23	361,00
588,58	442,00
588,93	647,00
589,28	319,00
589,63	361,00
589,98	315,00
590,33	323,00
590,68	327,00
591,04	314,00
591,39	321,00
591,74	316,00
592,09	315,00
592,44	429,00
592,79	322,00
593,14	353,00
593,49	540,00
593,84	336,00
594,19	330,00
594,54	325,00
594,89	392,00
595,24	388,00
595,59	389,00
595,94	317,00
596,30	349,00
596,65	580,00
597,00	322,00
597,35	315,00
597,70	320,00
598,05	306,00
598,40	311,00
598,75	311,00
599,10	329,00
599,45	351,00
599,80	346,00
600,15	321,00
600,50	350,00
600,85	303,00
601,20	337,00
601,54	431,00
601,89	313,00
602,24	882,00
602,59	352,00
602,94	311,00
603,29	489,00
603,64	312,00
603,99	340,00
604,34	350,00
604,69	301,00
605,04	384,00
605,39	299,00
605,74	303,00
606,09	342,00
606,44	310,00
606,78	338,00
607,13	550,00
607,48	389,00
607,83	311,00
608,18	308,00
608,53	339,00
608,88	533,00
609,23	357,00
609,57	338,00
609,92	332,00
610,27	307,00
610,62	302,00
610,97	308,00
611,32	338,00
611,67	503,00
612,01	300,00
612,36	339,00
612,71	302,00
613,06	307,00
613,41	335,00
613,75	420,00
614,10	371,00
614,45	300,00
614,80	306,00
615,15	312,00
615,49	658,00
615,84	311,00
616,19	380,00
616,54	311,00
616,89	340,00
617,23	337,00
617,58	302,00
617,93	305,00
618,28	305,00
618,62	310,00
618,97	296,00
619,32	307,00
619,67	298,00
620,01	305,00
620,36	330,00
620,71	332,00
621,05	310,00
621,40	312,00
621,75	301,00
622,10	305,00
622,44	346,00
622,79	1812,00
623,14	406,00
623,48	356,00
623,83	302,00
624,18	345,00
624,52	318,00
624,87	340,00
625,22	608,00
625,56	358,00
625,91	304,00
626,26	304,00
626,60	302,00
626,95	308,00
627,30	310,00
627,64	348,00
627,99	351,00
628,33	309,00
628,68	310,00
629,03	310,00
629,37	312,00
629,72	536,00
630,07	316,00
630,41	313,00
630,76	417,00
631,10	314,00
631,45	316,00
631,79	349,00
632,14	397,00
632,49	557,00
632,83	351,00
633,18	312,00
633,52	318,00
633,87	346,00
634,21	356,00
634,56	324,00
634,90	343,00
635,25	317,00
635,60	321,00
635,94	355,00
636,29	313,00
636,63	353,00
636,98	327,00
637,32	462,00
637,67	370,00
638,01	367,00
638,36	366,00
638,70	361,00
639,05	329,00
639,39	329,00
639,73	330,00
640,08	326,00
640,42	334,00
640,77	325,00
641,11	324,00
641,46	330,00
641,80	368,00
642,15	372,00
642,49	341,00
642,84	337,00
643,18	376,00
643,52	442,00
643,87	353,00
644,21	354,00
644,56	338,00
644,90	386,00
645,24	359,00
645,59	356,00
645,93	353,00
646,28	400,00
646,62	380,00
646,96	413,00
647,31	725,00
647,65	379,00
647,99	384,00
648,34	424,00
648,68	472,00
649,03	409,00
649,37	410,00
649,71	728,00
650,06	460,00
650,40	469,00
650,74	434,00
651,09	437,00
651,43	451,00
651,77	504,00
652,11	639,00
652,46	487,00
652,80	484,00
653,14	540,00
653,49	501,00
653,83	553,00
654,17	520,00
654,52	530,00
654,86	546,00
655,20	624,00
655,54	573,00
655,89	582,00
656,23	893,00
656,57	597,00
656,91	617,00
657,26	667,00
657,60	625,00
657,94	643,00
658,28	654,00
658,62	783,00
658,97	770,00
659,31	715,00
659,65	708,00
659,99	693,00
660,33	703,00
660,68	735,00
661,02	710,00
661,36	737,00
661,70	772,00
662,04	777,00
662,39	745,00
662,73	795,00
663,07	934,00
663,41	808,00
663,75	4095,00
664,09	2237,00
664,44	766,00
664,78	806,00
665,12	790,00
665,46	764,00
665,80	755,00
666,14	761,00
666,48	756,00
666,82	802,00
667,16	904,00
667,51	791,00
667,85	802,00
668,19	810,00
668,53	776,00
668,87	776,00
669,21	811,00
669,55	798,00
669,89	805,00
670,23	812,00
670,57	825,00
670,91	854,00
671,25	848,00
671,59	877,00
671,93	908,00
672,28	949,00
672,62	949,00
672,96	989,00
673,30	987,00
673,64	1058,00
673,98	1215,00
674,32	1090,00
674,66	1142,00
675,00	1228,00
675,34	1234,00
675,68	1354,00
676,02	1346,00
676,36	1499,00
676,70	1477,00
677,04	1567,00
677,38	1582,00
677,71	1676,00
678,05	1897,00
678,39	1840,00
678,73	1881,00
679,07	2030,00
679,41	2049,00
679,75	2120,00
680,09	2223,00
680,43	2250,00
680,77	2327,00
681,11	2357,00
681,45	2460,00
681,79	2521,00
682,13	2518,00
682,46	2560,00
682,80	2626,00
683,14	2596,00
683,48	2638,00
683,82	2683,00
684,16	2918,00
684,50	2885,00
684,84	2694,00
685,17	2586,00
685,51	2562,00
685,85	2604,00
686,19	2530,00
686,53	2521,00
686,87	2461,00
687,21	2376,00
687,54	2355,00
687,88	2316,00
688,22	2275,00
688,56	2195,00
688,90	2155,00
689,23	2154,00
689,57	2487,00
689,91	2212,00
690,25	1995,00
690,59	1933,00
690,92	1848,00
691,26	1860,00
691,60	1785,00
691,94	1864,00
692,27	1689,00
692,61	1635,00
692,95	1614,00
693,29	1590,00
693,62	1574,00
693,96	1557,00
694,30	1485,00
694,64	1437,00
694,97	1459,00
695,31	1381,00
695,65	1394,00
695,98	1340,00
696,32	1315,00
696,66	1270,00
697,00	1255,00
697,33	1292,00
697,67	1224,00
698,01	1261,00
698,34	1179,00
698,68	1172,00
699,02	1163,00
699,35	1153,00
699,69	1125,00
700,03	1254,00
700,36	1132,00
700,70	1099,00
701,04	1082,00
701,37	1138,00
701,71	1099,00
702,04	1069,00
702,38	1062,00
702,72	1063,00
703,05	1142,00
703,39	1066,00
703,72	1066,00
704,06	1114,00
704,40	1130,00
704,73	1073,00
705,07	1049,00
705,40	1325,00
705,74	1480,00
706,08	1092,00
706,41	1036,00
706,75	1078,00
707,08	1085,00
707,42	1056,00
707,75	1032,00
708,09	1038,00
708,42	1018,00
708,76	1033,00
709,09	1009,00
709,43	1169,00
709,76	1124,00
710,10	1019,00
710,43	1056,00
710,77	1299,00
711,10	1107,00
711,44	1064,00
711,77	1090,00
712,11	1030,00
712,44	995,00
712,78	996,00
713,11	1011,00
713,45	1036,00
713,78	1014,00
714,12	1040,00
714,45	989,00
714,79	1010,00
715,12	1040,00
715,45	1080,00
715,79	994,00
716,12	995,00
716,46	986,00
716,79	1001,00
717,13	1040,00
717,46	980,00
717,79	999,00
718,13	1022,00
718,46	986,00
718,80	1015,00
719,13	1000,00
719,46	963,00
719,80	974,00
720,13	977,00
720,46	1008,00
720,80	986,00
721,13	975,00
721,46	1044,00
721,80	958,00
722,13	1240,00
722,46	954,00
722,80	959,00
723,13	1313,00
723,46	962,00
723,80	1357,00
724,13	951,00
724,46	929,00
724,80	986,00
725,13	960,00
725,46	1124,00
725,79	932,00
726,13	926,00
726,46	915,00
726,79	949,00
727,13	913,00
727,46	967,00
727,79	894,00
728,12	897,00
728,46	909,00
728,79	917,00
729,12	1121,00
729,45	882,00
729,79	844,00
730,12	835,00
730,45	840,00
730,78	861,00
731,11	828,00
731,45	831,00
731,78	800,00
732,11	794,00
732,44	806,00
732,77	930,00
733,11	777,00
733,44	762,00
733,77	762,00
734,10	738,00
734,43	786,00
734,76	725,00
735,09	774,00
735,43	708,00
735,76	710,00
736,09	845,00
736,42	727,00
736,75	692,00
737,08	668,00
737,41	669,00
737,75	659,00
738,08	664,00
738,41	654,00
738,74	687,00
739,07	647,00
739,40	619,00
739,73	621,00
740,06	659,00
740,39	644,00
740,72	604,00
741,05	614,00
741,38	617,00
741,71	620,00
742,04	580,00
742,38	570,00
742,71	563,00
743,04	551,00
743,37	634,00
743,70	539,00
744,03	579,00
744,36	618,00
744,69	568,00
745,02	523,00
745,35	520,00
745,68	516,00
746,01	547,00
746,34	549,00
746,67	505,00
747,00	506,00
747,33	527,00
747,66	527,00
747,99	479,00
748,31	520,00
748,64	481,00
748,97	509,00
749,30	474,00
749,63	483,00
749,96	503,00
750,29	474,00
750,62	511,00
750,95	462,00
751,28	475,00
751,61	492,00
751,94	455,00
752,27	1155,00
752,59	447,00
752,92	442,00
753,25	432,00
753,58	441,00
753,91	465,00
754,24	427,00
754,57	429,00
754,90	464,00
755,22	416,00
755,55	410,00
755,88	477,00
756,21	406,00
756,54	408,00
756,87	405,00
757,19	435,00
757,52	421,00
757,85	408,00
758,18	441,00
758,51	424,00
758,83	386,00
759,16	384,00
759,49	380,00
759,82	455,00
760,15	378,00
760,47	371,00
760,80	375,00
761,13	361,00
761,46	498,00
761,78	727,00
762,11	410,00
762,44	357,00
762,77	355,00
763,09	381,00
763,42	342,00
763,75	334,00
764,07	381,00
764,40	340,00
764,73	394,00
765,06	361,00
765,38	330,00
765,71	359,00
766,04	368,00
766,36	333,00
766,69	320,00
767,02	316,00
767,34	388,00
767,67	351,00
768,00	324,00
768,32	346,00
768,65	336,00
768,98	306,00
769,30	305,00
769,63	300,00
769,96	311,00
770,28	300,00
770,61	294,00
770,93	298,00
771,26	365,00
771,59	293,00
771,91	294,00
772,24	552,00
772,56	300,00
772,89	289,00
773,22	293,00
773,54	313,00
773,87	279,00
774,19	280,00
774,52	281,00
774,84	277,00
775,17	349,00
775,50	279,00
775,82	311,00
776,15	277,00
776,47	316,00
776,80	311,00
777,12	272,00
777,45	269,00
777,77	304,00
778,10	306,00
778,42	268,00
778,75	301,00
779,07	276,00
779,40	264,00
779,72	263,00
780,05	266,00
780,37	362,00
780,70	290,00
781,02	608,00
781,34	472,00
781,67	276,00
781,99	332,00
782,32	264,00
782,64	335,00
782,97	414,00
783,29	305,00
783,62	289,00
783,94	349,00
784,26	634,00
784,59	267,00
784,91	262,00
785,24	259,00
785,56	341,00
785,88	323,00
786,21	301,00
786,53	949,00
786,85	264,00
787,18	255,00
787,50	283,00
787,83	289,00
788,15	253,00
788,47	254,00
788,80	250,00
789,12	282,00
789,44	298,00
789,77	256,00
790,09	250,00
790,41	249,00
790,74	329,00
791,06	295,00
791,38	250,00
791,70	246,00
792,03	253,00
792,35	478,00
792,67	264,00
793,00	246,00
793,32	252,00
793,64	245,00
793,96	306,00
794,29	243,00
794,61	288,00
794,93	246,00
795,25	245,00
795,58	246,00
795,90	276,00
796,22	316,00
796,54	287,00
796,86	275,00
797,19	243,00
797,51	246,00
797,83	245,00
798,15	281,00
798,47	244,00
798,80	320,00
799,12	246,00
799,44	245,00
799,76	277,00
800,08	242,00
800,40	277,00
800,73	304,00
801,05	250,00
801,37	244,00
801,69	246,00
802,01	747,00
802,33	310,00
802,65	244,00
802,98	310,00
803,30	244,00
803,62	244,00
803,94	238,00
804,26	234,00
804,58	244,00
804,90	239,00
805,22	240,00
805,54	351,00
805,86	275,00
806,18	273,00
806,51	339,00
806,83	250,00
807,15	239,00
807,47	240,00
807,79	271,00
808,11	343,00
808,43	275,00
808,75	236,00
809,07	249,00
809,39	268,00
809,71	240,00
810,03	237,00
810,35	232,00
810,67	272,00
810,99	242,00
811,31	236,00
811,63	273,00
811,95	274,00
812,27	265,00
812,59	235,00
812,91	229,00
813,23	226,00
813,55	546,00
813,87	277,00
814,18	268,00
814,50	243,00
814,82	236,00
815,14	232,00
815,46	237,00
815,78	241,00
816,10	233,00
816,42	233,00
816,74	267,00
817,06	276,00
817,38	260,00
817,69	265,00
818,01	307,00
818,33	235,00
818,65	512,00
818,97	243,00
819,29	260,00
819,61	264,00
819,93	260,00
820,24	261,00
820,56	228,00
820,88	239,00
821,20	263,00
821,52	234,00
821,83	230,00
822,15	222,00
822,47	263,00
822,79	228,00
823,11	292,00
823,43	265,00
823,74	500,00
824,06	234,00
824,38	251,00
824,70	250,00
825,01	223,00
825,33	235,00
825,65	301,00
825,97	264,00
826,28	243,00
826,60	330,00
826,92	224,00
827,24	238,00
827,55	287,00
827,87	229,00
828,19	225,00
828,50	228,00
828,82	228,00
829,14	265,00
829,46	231,00
829,77	221,00
830,09	260,00
830,41	225,00
830,72	225,00
831,04	275,00
831,36	223,00
831,67	299,00
831,99	230,00
832,31	291,00
832,62	270,00
832,94	229,00
833,25	223,00
833,57	258,00
833,89	257,00
834,20	260,00
834,52	234,00
834,84	246,00
835,15	229,00
835,47	223,00
835,78	246,00
836,10	223,00
836,42	230,00
836,73	220,00
837,05	233,00
837,36	252,00
837,68	236,00
837,99	292,00
838,31	262,00
838,62	260,00
838,94	500,00
839,26	231,00
839,57	257,00
839,89	268,00
840,20	254,00
840,52	230,00
840,83	253,00
841,15	225,00
841,46	250,00
841,78	230,00
842,09	221,00
842,41	226,00
842,72	223,00
843,04	223,00
843,35	257,00
843,66	253,00
843,98	234,00
844,29	227,00
844,61	223,00
844,92	260,00
845,24	215,00
845,55	353,00
845,87	228,00
846,18	226,00
846,49	220,00
846,81	219,00
847,12	249,00
847,44	258,00
847,75	226,00
848,06	262,00
848,38	228,00
848,69	223,00
849,00	224,00
849,32	233,00
849,63	260,00
849,95	225,00
850,26	293,00
850,57	228,00
850,89	222,00
851,20	227,00
851,51	287,00
851,83	219,00
852,14	222,00
852,45	224,00
852,77	221,00
853,08	227,00
853,39	215,00
853,70	233,00
854,02	249,00
854,33	259,00
854,64	228,00
854,96	221,00
855,27	247,00
855,58	222,00
855,89	309,00
856,21	221,00
856,52	247,00
856,83	220,00
857,14	267,00
857,46	223,00
857,77	220,00
858,08	214,00
858,39	222,00
858,70	222,00
859,02	224,00
859,33	323,00
859,64	419,00
859,95	225,00
860,26	221,00
860,58	220,00
860,89	458,00
861,20	269,00
861,51	223,00
861,82	280,00
862,13	668,00
862,45	368,00
862,76	298,00
863,07	270,00
863,38	241,00
863,69	254,00
864,00	224,00
864,31	229,00
864,62	296,00
864,93	255,00
865,25	221,00
865,56	222,00
865,87	222,00
866,18	241,00
866,49	221,00
866,80	252,00
867,11	260,00
867,42	331,00
867,73	230,00
868,04	245,00
868,35	220,00
868,66	221,00
868,97	218,00
869,28	258,00
869,59	214,00
869,90	255,00
870,21	396,00
870,52	282,00
870,83	219,00
871,14	297,00
871,45	219,00
871,76	247,00
872,07	216,00
872,38	280,00
872,69	232,00
873,00	217,00
873,31	257,00
873,62	290,00
873,93	220,00
874,24	287,00
874,55	257,00
874,86	252,00
875,17	268,00
875,48	222,00
875,79	222,00
876,10	223,00
876,41	309,00
876,72	308,00
877,02	217,00
877,33	227,00
877,64	290,00
877,95	256,00
878,26	219,00
878,57	219,00
878,88	223,00
879,19	219,00
879,49	449,00
879,80	228,00
880,11	219,00
880,42	224,00
880,73	215,00
881,04	222,00
881,34	305,00
881,65	253,00
881,96	281,00
882,27	262,00
882,58	220,00
882,88	217,00
883,19	225,00
883,50	383,00
883,81	220,00
884,12	241,00
884,42	250,00
884,73	246,00
885,04	218,00
885,35	252,00
885,65	221,00
885,96	258,00
886,27	388,00
886,58	262,00
886,88	292,00
887,19	226,00
887,50	217,00
887,80	255,00
888,11	260,00
888,42	219,00
888,73	217,00
889,03	251,00
889,34	249,00
889,65	228,00
889,95	234,00
890,26	217,00
890,57	253,00
890,87	229,00
891,18	257,00
891,49	255,00
891,79	267,00
892,10	254,00
892,41	232,00
892,71	290,00
893,02	218,00
893,32	226,00
893,63	241,00
893,94	216,00
894,24	218,00
894,55	217,00
894,85	215,00
895,16	249,00
895,47	251,00
895,77	215,00
896,08	294,00
896,38	219,00
896,69	217,00
896,99	216,00
897,30	229,00
897,60	220,00
897,91	216,00
898,21	220,00
898,52	213,00
898,83	236,00
899,13	216,00
899,44	257,00
899,74	247,00
900,05	218,00
900,35	223,00
900,65	221,00
900,96	239,00
901,26	255,00
901,57	251,00
901,87	286,00
902,18	217,00
902,48	227,00
902,79	225,00
903,09	248,00
903,40	217,00
903,70	221,00
904,00	219,00
904,31	263,00
904,61	221,00
904,92	320,00
905,22	678,00
905,53	232,00
905,83	219,00
906,13	238,00
906,44	218,00
906,74	287,00
907,04	221,00
907,35	947,00
907,65	273,00
907,96	221,00
908,26	220,00
908,56	222,00
908,87	223,00
909,17	317,00
909,47	221,00
909,78	223,00
910,08	225,00
910,38	218,00
910,68	254,00
910,99	221,00
911,29	225,00
911,59	223,00
911,90	248,00
912,20	217,00
912,50	226,00
912,80	247,00
913,11	222,00
913,41	221,00
913,71	252,00
914,01	371,00
914,32	259,00
914,62	216,00
914,92	221,00
915,22	224,00
915,53	253,00
915,83	250,00
916,13	255,00
916,43	281,00
916,73	225,00
917,04	254,00
917,34	222,00
917,64	222,00
917,94	243,00
918,24	214,00
918,55	257,00
918,85	218,00
919,15	222,00
919,45	217,00
919,75	215,00
920,05	483,00
920,35	221,00
920,66	221,00
920,96	255,00
921,26	220,00
921,56	248,00
921,86	332,00
922,16	229,00
922,46	253,00
922,76	258,00
923,06	264,00
923,36	281,00
923,66	219,00
923,97	224,00
924,27	219,00
924,57	223,00
924,87	219,00
925,17	273,00
925,47	228,00
925,77	217,00
926,07	221,00
926,37	221,00
926,67	218,00
926,97	254,00
927,27	217,00
927,57	225,00
927,87	223,00
928,17	212,00
928,47	225,00
928,77	287,00
929,07	225,00
929,37	266,00
929,67	222,00
929,97	221,00
930,27	271,00
930,57	221,00
930,87	218,00
931,16	252,00
931,46	226,00
931,76	388,00
932,06	236,00
932,36	255,00
932,66	219,00
932,96	226,00
933,26	222,00
933,56	215,00
933,86	549,00
934,16	232,00
934,45	215,00
934,75	288,00
935,05	217,00
935,35	256,00
935,65	335,00
935,95	220,00
936,24	225,00
936,54	256,00
936,84	236,00
937,14	219,00
937,44	255,00
937,74	253,00
938,03	259,00
938,33	227,00
938,63	220,00
938,93	253,00
939,23	258,00
939,52	220,00
939,82	218,00
940,12	246,00
940,42	376,00
940,71	226,00
941,01	4027,00
941,31	1154,00
941,61	225,00
941,90	216,00
942,20	219,00
942,50	214,00
942,80	261,00
943,09	219,00
943,39	220,00
943,69	290,00
943,98	529,00
944,28	240,00
944,58	246,00
944,87	219,00
945,17	280,00
945,47	249,00
945,76	224,00
946,06	259,00
946,36	223,00
946,65	226,00
946,95	294,00
947,25	220,00
947,54	214,00
947,84	268,00
948,14	216,00
948,43	284,00
948,73	265,00
949,02	220,00
949,32	218,00
949,62	220,00
949,91	288,00
950,21	222,00
950,50	221,00
950,80	256,00
951,09	266,00
951,39	219,00
951,69	261,00
951,98	217,00
952,28	219,00
952,57	215,00
952,87	226,00
953,16	222,00
953,46	218,00
953,75	218,00
954,05	213,00
954,34	280,00
954,64	275,00
954,93	225,00
955,23	335,00
955,52	250,00
955,82	281,00
956,11	264,00
956,41	260,00
956,70	231,00
957,00	216,00
957,29	222,00
957,58	225,00
957,88	219,00
958,17	254,00
958,47	266,00
958,76	273,00
959,06	216,00
959,35	248,00
959,64	258,00
959,94	329,00
960,23	224,00
960,52	246,00
960,82	220,00
961,11	219,00
961,41	217,00
961,70	220,00
961,99	218,00
962,29	255,00
962,58	257,00
962,87	523,00
963,17	222,00
963,46	846,00
963,75	276,00
964,05	225,00
964,34	214,00
964,63	212,00
964,93	216,00
965,22	323,00
965,51	715,00
965,80	226,00
966,10	220,00
966,39	213,00
966,68	219,00
966,97	284,00
967,27	248,00
967,56	219,00
967,85	322,00
968,14	217,00
968,44	260,00
968,73	257,00
969,02	216,00
969,31	246,00
969,61	245,00
969,90	264,00
970,19	225,00
970,48	218,00
970,77	254,00
971,07	495,00
971,36	227,00
971,65	216,00
971,94	253,00
972,23	213,00
972,52	252,00
972,81	216,00
973,11	257,00
973,40	221,00
973,69	258,00
973,98	539,00
974,27	321,00
974,56	219,00
974,85	233,00
975,14	220,00
975,44	220,00
975,73	219,00
976,02	726,00
976,31	264,00
976,60	265,00
976,89	222,00
977,18	222,00
977,47	256,00
977,76	220,00
978,05	216,00
978,34	245,00
978,63	431,00
978,92	223,00
979,21	286,00
979,50	256,00
979,79	224,00
980,08	253,00
980,37	226,00
980,66	217,00
980,95	217,00
981,24	216,00
981,53	230,00
981,82	222,00
982,11	215,00
982,40	252,00
982,69	252,00
982,98	284,00
983,27	322,00
983,56	217,00
983,85	252,00
984,14	258,00
984,43	222,00
984,72	218,00
985,01	220,00
985,29	227,00
985,58	228,00
985,87	261,00
986,16	252,00
986,45	215,00
986,74	215,00
987,03	218,00
987,32	214,00
987,60	215,00
987,89	246,00
988,18	247,00
988,47	221,00
988,76	214,00
989,05	454,00
989,33	224,00
989,62	262,00
989,91	222,00
990,20	219,00
990,49	223,00
990,77	290,00
991,06	219,00
991,35	220,00
991,64	280,00
991,93	222,00
992,21	223,00
992,50	249,00
992,79	252,00
993,08	252,00
993,36	217,00
993,65	230,00
993,94	221,00
994,23	221,00
994,51	262,00
994,80	255,00
995,09	217,00
995,37	223,00
995,66	260,00
995,95	222,00
996,23	215,00
996,52	218,00
996,81	218,00
997,09	321,00
997,38	221,00
997,67	218,00
997,95	219,00
998,24	220,00
998,53	284,00
998,81	256,00
999,10	223,00
999,39	215,00
999,67	216,00
999,96	268,00
1000,24	232,00
1000,53	219,00
1000,82	247,00
1001,10	223,00
1001,39	220,00
1001,67	258,00
1001,96	217,00
1002,25	218,00
1002,53	231,00
1002,82	251,00
1003,10	368,00
1003,39	224,00
1003,67	265,00
1003,96	249,00
1004,24	216,00
1004,53	212,00
1004,81	210,00
1005,10	216,00
1005,38	215,00
1005,67	219,00
1005,95	248,00
1006,24	220,00
1006,52	296,00
1006,81	419,00
1007,09	255,00
1007,38	222,00
1007,66	222,00
1007,95	221,00
1008,23	246,00
1008,51	221,00
1008,80	215,00
1009,08	216,00
1009,37	246,00
1009,65	217,00
1009,94	256,00
1010,22	274,00
1010,50	229,00
1010,79	220,00
1011,07	247,00
1011,36	220,00
1011,64	217,00
1011,92	253,00
1012,21	219,00
1012,49	217,00
1012,77	215,00
1013,06	239,00
1013,34	316,00
1013,62	219,00
1013,91	245,00
1014,19	222,00
1014,47	214,00
1014,76	214,00
1015,04	215,00
1015,32	223,00
1015,60	252,00
1015,89	219,00
1016,17	263,00
1016,45	224,00
1016,74	218,00
1017,02	370,00
1017,30	228,00
1017,58	227,00
1017,87	210,00
1018,15	254,00
1018,43	222,00
1018,71	437,00
1019,00	216,00
1019,28	316,00
1019,56	216,00
1019,84	218,00
1020,12	246,00
1020,41	252,00
1020,69	213,00
1020,97	322,00
1021,25	363,00
1021,53	219,00
1021,81	241,00
1022,10	221,00
1022,38	214,00
1022,66	212,00
1022,94	214,00
>>>>>End Processed Spectral Data<<<<<
